1126373 610095 7860 1054489 534935 7360
1054951 563186 5077 1066827 536994 4313
1060563 573576 7877 1094664 483919 6572
1060208 569012 6124 1062132 552909 7657
1063154 569263 6346 1163111 528172 4588
1062229 592265 4109 1070349 505926 5171
1064905 582462 7054 1055714 565377 4452
1064206 595831 7373 1070394 485493 6327
1110020 592413 7265 1055889 542070 7873
1061960 566233 4191 1071830 492963 5104
1127637 618349 6318 1064384 553176 6936
1063699 565928 5958 1201415 530376 6982
1066425 572263 7271 1106786 528385 5399
1123617 617338 7720 1099690 541159 4330
1061702 570072 4791 1060644 550748 5316
1135303 632061 5358 1059752 563976 5139
1120531 608252 6944 1055856 501920 4411
1055440 567710 4793 1057921 506332 5215
1163584 619155 4057 1064211 550937 7213
1069122 575752 7453 1073404 501022 7118
1115131 611333 4877 1100776 484858 6590
1110292 598476 4765 1059556 561689 4065
1057767 564610 7749 1056992 563004 4667
1112130 581616 4318 1094884 501109 7153
1066692 574221 6414 1070493 510887 7804
1135045 635245 4322 1056110 565138 4815
1060837 572686 6236 1086218 540191 7671
1125382 622596 4645 1073318 497898 7491
1124977 622590 4971 1057426 547922 7461
1107124 581121 7649 1205963 529644 5667
1066468 596798 7051 1093412 545754 6846
1153427 648358 6005 1055195 557253 6205
1110583 621158 5043 1209572 528162 6026
1122887 608714 4976 1195281 529431 4741
1125128 632932 6968 1099470 488765 4572
1059974 585886 6436 1064097 549408 7501
1064030 600755 7844 1060614 549063 4084
1061719 569599 7215 1177968 523255 7918
1066495 592416 7211 1073991 506294 6784
1162737 616313 7765 1063360 547563 7955
1148831 646086 4511 1061927 549816 5279
1131110 643740 4393 1060576 545016 6754
1056851 573260 6608 1071598 498640 5468
1055903 596401 6612 1059754 547502 7813
1109615 580574 4285 1062566 563851 6420
1057983 571148 6466 1100648 482876 7022
1115874 596736 5085 1092761 487604 5325
1063124 569777 6579 1095710 554403 4161
1116360 596560 6172 1060502 548694 4267
1114209 602301 7425 1053536 560752 6341
1133212 643810 4585 1058084 545048 7338
1067034 573800 7777 1055899 535679 4289
1059668 581821 4829 1058963 556807 5430
1134496 633699 6829 1097924 556101 5089
1063973 591824 6026 1061760 497514 5231
1066223 593327 5025 1059884 526915 7901
1067491 597718 5513 1100147 551042 7811
1103999 568364 5646 1098125 548950 4614
1109639 615874 5386 1074010 496444 4660
1104136 584776 7214 1073196 509837 4034
1060167 571132 7613 1059628 560246 6871
1147683 646887 5708 1064203 510016 4214
1162412 618497 5132 1069100 482147 7974
1069474 569715 7551 1059675 550650 6107
1140401 649954 6745 1058158 533171 6790
1056161 566721 5927 1209106 530220 5883
1060212 597743 5754 1098635 548860 6199
1057311 593817 4579 1101943 535150 4746
1066153 565112 6483 1062140 561463 6542
1121689 620697 6963 1056613 494576 6611
1129400 610655 6742 1091396 499005 6967
1064080 568646 6271 1061798 559767 7650
1058769 610739 4328 1099848 485138 5008
1058395 570796 6461 1054334 556534 5651
1062026 575974 6409 1060485 553276 7524
1102405 579700 7419 1097287 551789 5927
1113963 605341 4733 1061502 563415 4309
1134558 633046 7737 1057318 537840 5892
1143918 647364 6214 1058313 559291 4830
1064996 583671 6382 1100236 547654 5314
1145350 647472 4594 1077371 539142 5885
1119050 614800 6176 1097999 558525 5324
1116755 630875 7966 1095233 499060 4780
1054790 611045 4676 1052653 499145 6685
1060112 587240 5071 1053606 497695 7556
1123455 620092 4146 1057330 502592 6915
1056637 567541 7049 1100711 488750 4952
1059612 593407 4008 1052682 557277 7410
1060155 586522 7295 1161498 528193 4598
1063808 587972 5134 1079523 503919 7642
1117327 626444 5350 1059653 550976 7242
1060924 581326 5650 1057261 494234 7905
1060092 593352 6630 1101536 538821 4605
1061587 572054 5137 1109885 529667 5233
1066500 573724 5568 1070688 493400 5024
1060424 615366 4797 1072202 485842 5799
1111255 621507 4460 1055700 557453 6650
1109047 597175 4288 1055247 562981 6608
1058372 567262 4319 1053775 505534 5159
1114777 610112 5189 1060082 563930 6374
